1 01000 00000 00001 00000 00000 000001	96	ADDI	R1, R0, #1
1 01000 00000 00010 00000 00000 000010	100	ADDI	R2, R0, #2
1 01000 00000 00011 00000 00000 000011	104	ADDI	R3, R0, #3
1 01000 00000 00100 00000 00000 000100	108	ADDI	R4, R0, #4
1 01000 00000 00101 00000 00000 000101	112	ADDI	R5, R0, #5
1 01000 00000 00110 00000 00000 000110	116	ADDI	R6, R0, #6
1 00000 00001 00001 00001 00000 100000	120	ADD	R1, R1, R1
1 00000 00010 00010 00010 00000 100000	124	ADD	R2, R2, R2
1 00000 00011 00011 00011 00000 100000	128	ADD	R3, R3, R3
1 00000 00100 00100 00100 00000 100000	132	ADD	R4, R4, R4
1 00000 00101 00101 00101 00000 100000	136	ADD	R5, R5, R5
1 00000 00000 00000 00000 00000 001101	140	BREAK
00000000000000000000000000000000	144	0
00000000000000000000000000000001	148	1
00000000000000000000000000000010	152	2
00000000000000000000000000000011	156	3
00000000000000000000000000000100	160	4
00000000000000000000000000000101	164	5
00000000000000000000000000000110	168	6
00000000000000000000000000000111	172	7
00000000000000000000000000001000	176	8
